(Preferred) sampling frequency set to 10 Hz.
Your device may not support this sampling frequency, so always check your timestamps!
ATTITUDE 8.599085 32.191354 7.501633 -97.336824
ACCEL 8.599217 -0.019958 0.413513 0.838196
GYRO 8.599297 -0.186332 -0.941162 -0.578438
MAGNETO 8.599372 182.102463 -165.537933 -13.558517
ATTITUDE 8.699094 31.113095 5.289400 -98.991517
ACCEL 8.699230 0.073120 0.382858 0.917023
GYRO 8.699307 0.177177 0.150498 0.137411
MAGNETO 8.699381 181.753220 -165.537933 -12.883484
ATTITUDE 8.798322 29.956125 3.533817 -97.859084
ACCEL 8.798447 0.052383 0.443649 0.886459
GYRO 8.798522 -0.079205 0.039642 0.004813
MAGNETO 8.798596 182.451706 -166.925522 -13.896042
ATTITUDE 8.898792 29.019751 2.873435 -97.049718
ACCEL 8.898922 0.016586 0.448868 0.904465
GYRO 8.898998 0.158470 0.122567 0.065548
MAGNETO 8.899074 181.403976 -165.537933 -13.558517
ATTITUDE 8.999095 28.651686 2.389318 -96.265234
ACCEL 8.999225 0.037979 0.448288 0.873810
GYRO 8.999301 0.121103 -0.074028 -0.122958
MAGNETO 8.999375 182.451706 -165.537933 -11.870926
ATTITUDE 9.099246 28.342360 2.114857 -96.675122
ACCEL 9.099484 0.028778 0.431015 0.883789
GYRO 9.099565 0.149548 0.024884 -0.013695
MAGNETO 9.099641 182.975555 -165.364487 -13.052246
ATTITUDE 9.199083 28.091017 1.584667 -96.740735
ACCEL 9.199206 0.022995 0.435730 0.877945
GYRO 9.199282 -0.092799 -0.173168 -0.103894
MAGNETO 9.199356 183.324799 -165.364487 -12.714722
ATTITUDE 9.298392 25.889141 1.782193 -95.696533
ACCEL 9.298518 0.020294 0.053452 0.081329
GYRO 9.298593 -0.203959 2.788934 1.151349
MAGNETO 9.298666 187.166443 -163.630005 -13.727280
ATTITUDE 9.399112 25.123842 13.950921 -88.197344
ACCEL 9.399239 -0.004684 -0.015045 0.011200
GYRO 9.399316 -0.393870 2.641080 1.155323
MAGNETO 9.399390 202.707626 -162.415863 -10.858353
ATTITUDE 9.499172 24.164872 25.225171 -80.358766
ACCEL 9.499288 -0.005447 -0.018906 0.023010
GYRO 9.499365 -0.787998 2.303017 1.052958
MAGNETO 9.499440 212.137100 -162.068970 -6.470596
ATTITUDE 9.599266 21.673029 35.792409 -70.020979
ACCEL 9.599386 0.001358 -0.021744 0.037674
GYRO 9.599468 -1.175636 1.664976 0.889068
MAGNETO 9.599541 223.312790 -162.068970 0.617340
ATTITUDE 9.699082 -4.500819 -29.956048 -86.752795
ACCEL 9.699202 -0.129852 -0.080612 0.108002
GYRO 9.699278 -3.141809 -9.944424 -3.289028
MAGNETO 9.699351 158.528748 -133.796936 -3.264145
ATTITUDE 9.799219 -5.529775 -85.953963 -114.480790
ACCEL 9.799363 -0.027740 -0.007614 -0.010208
GYRO 9.799443 -5.080224 -8.883397 -0.817153
MAGNETO 9.799517 140.193649 -137.786240 46.857666
ATTITUDE 9.899089 1.306123 164.826255 -133.616607
ACCEL 9.899214 -7.827942 1.565903 -7.219879
GYRO 9.899288 9.410126 -2.565602 -5.921915
MAGNETO 9.899361 217.201080 -142.469345 71.665436
ATTITUDE 9.999151 -10.666932 177.236678 -149.121022
ACCEL 9.999295 -0.010834 -0.112106 -0.006912
GYRO 9.999375 -4.114533 -4.143852 5.089180
MAGNETO 9.999480 207.596985 -146.458649 78.584595
ATTITUDE 10.099090 -1.728504 -177.674184 -152.783636
ACCEL 10.099220 -0.032745 0.073242 0.458908
GYRO 10.099297 -0.153780 -2.451635 -0.574247
MAGNETO 10.099373 201.834518 -148.713470 78.753357
ATTITUDE 10.199121 -2.536596 -178.626963 -152.059080
ACCEL 10.199265 -0.135376 0.039108 -1.066254
GYRO 10.199345 0.068325 -0.017678 -0.005089
MAGNETO 10.199420 201.485291 -148.366577 78.753357
ATTITUDE 10.299095 -2.482422 -178.714923 -152.040094
ACCEL 10.299224 -0.002487 -0.026245 -1.001419
GYRO 10.299300 0.068385 -0.015263 0.000910
MAGNETO 10.299373 201.310669 -148.540024 78.584595
ATTITUDE 10.399257 -2.463187 -178.700265 -152.027901
ACCEL 10.399389 -0.002502 -0.024353 -1.001419
GYRO 10.399491 0.064729 -0.014043 -0.003912
MAGNETO 10.399569 201.136047 -148.713470 80.440964
ATTITUDE 10.499076 -1.970747 -179.522609 -151.859480
ACCEL 10.499192 -0.399750 -0.238800 -1.093765
GYRO 10.499267 0.123460 0.227682 -1.655992
MAGNETO 10.499340 203.580719 -148.366577 81.453522
ATTITUDE 10.598479 -2.737008 168.023516 -127.916364
ACCEL 10.598601 -2.223679 -0.156952 -0.331055
GYRO 10.598676 -4.841782 -11.004228 -12.586611
MAGNETO 10.598748 212.311722 -140.387955 73.015518
ATTITUDE 10.699237 -33.079901 89.675081 -74.473019
ACCEL 10.699382 -1.686050 -1.477692 0.003265
GYRO 10.699460 4.308479 -14.519320 -4.521088
MAGNETO 10.699533 209.168564 -111.248688 22.049896
ATTITUDE 10.799113 -19.431409 26.013874 -97.697573
ACCEL 10.799243 -0.271667 -0.001678 -0.053070
GYRO 10.799321 3.576045 -6.435422 0.408652
MAGNETO 10.799396 190.484222 -130.501419 -4.445465
ATTITUDE 10.899073 -2.189300 2.041578 -97.806908
ACCEL 10.899191 -0.110809 -0.076843 0.412277
GYRO 10.899267 2.198906 -1.403882 -0.614137
MAGNETO 10.899339 180.705505 -139.867615 -9.170761
ATTITUDE 10.999087 7.495469 -2.368952 -98.891985
ACCEL 10.999213 -0.230896 0.182831 0.574203
GYRO 10.999289 1.372575 0.037525 -0.266539
MAGNETO 10.999362 177.911575 -148.886917 -11.533401
ATTITUDE 11.099082 13.955006 0.518012 -99.591632
ACCEL 11.099209 -0.105316 0.603928 1.526611
GYRO 11.099286 1.456930 1.189887 0.682474
MAGNETO 11.099357 182.102463 -155.131042 -12.883484
ATTITUDE 11.198556 22.249310 4.282224 -95.415134
ACCEL 11.198684 -0.172516 0.366028 1.097244
GYRO 11.198762 0.596508 0.598662 0.893654
MAGNETO 11.198835 186.642578 -163.803452 -14.233566
ATTITUDE 11.299099 25.795339 6.407202 -92.665204
ACCEL 11.299227 -0.021225 0.274307 0.660141
GYRO 11.299306 0.683802 0.481777 0.325953
MAGNETO 11.299380 189.960358 -166.752075 -12.039673
ATTITUDE 11.399122 29.257233 8.012872 -91.497515
ACCEL 11.399256 -0.112488 0.361694 0.682190
GYRO 11.399334 0.467354 0.143530 0.147270
MAGNETO 11.399409 190.484222 -169.353790 -12.208435
